1000
53 77 48
95 62 96
55 68 37
74 32 14
15 81 62
67 43 16
49 2 81
11 5 82
93 8 68
69 39 59
100 89 79
57 92 78
52 27 3
15 19 12
88 76 98
25 43 87
52 33 14
93 24 72
42 7 15
87 37 94
51 82 15
73 93 3
72 15 93
86 41 9
52 79 8
38 3 52
24 57 38
4 80 61
59 30 79
37 59 59
47 66 68
93 54 6
48 55 54
20 98 70
88 27 3
12 39 71
62 48 83
57 53 73
33 56 65
81 53 85
14 60 30
70 16 5
62 57 13
4 84 60
36 17 39
71 76 48
31 37 19
17 37 79
26 2 42
52 44 12
84 53 47
85 55 91
49 47 74
96 44 13
75 23 60
85 96 27
70 44 46
8 78 93
87 40 57
2 35 88
97 69 86
100 91 42
10 67 92
0 20 25
79 67 41
28 2 36
45 54 78
58 63 62
27 86 68
53 100 79
86 67 92
11 92 53
72 69 8
48 100 7
62 24 38
74 29 63
84 74 99
37 54 52
4 64 27
57 75 18
14 36 81
65 81 74
57 14 13
16 58 42
29 94 95
66 19 66
97 10 17
91 22 82
91 5 25
3 19 75
6 74 68
13 42 34
56 48 75
13 68 39
16 46 80
6 45 79
8 59 6
8 13 21
52 96 17
99 8 69
30 65 81
0 65 91
7 21 17
5 42 25
61 53 3
98 39 27
15 28 37
93 73 87
31 15 100
33 35 34
15 100 82
84 95 42
32 43 54
99 62 71
75 71 84
79 46 84
63 38 11
1 23 57
61 63 52
20 94 40
78 3 72
49 60 88
41 58 27
52 27 39
98 6 75
85 86 56
48 52 2
70 67 75
16 15 64
95 11 94
55 94 47
77 76 20
90 69 64
82 70 56
90 72 20
83 77 98
28 74 83
83 25 47
55 2 71
53 80 34
75 91 13
45 4 63
28 96 15
16 54 82
0 33 60
46 38 10
31 86 25
40 79 88
25 69 7
2 57 53
4 90 64
42 33 8
83 39 80
93 92 92
27 56 28
91 65 22
51 16 84
80 94 17
33 6 28
25 65 34
17 42 4
1 12 64
29 23 13
25 68 86
13 28 46
7 55 65
21 53 4
47 52 75
32 81 7
67 7 97
17 55 29
97 44 60
44 19 7
1 55 20
0 89 69
29 25 59
9 100 8
56 84 29
17 89 70
61 85 22
32 68 96
28 75 45
93 81 97
93 28 75
1 97 39
39 62 100
70 70 72
67 77 35
75 33 74
16 96 54
50 22 39
68 94 26
7 13 7
81 58 33
2 67 55
20 46 23
99 58 92
30 57 67
52 69 42
63 93 100
24 66 29
100 37 76
73 6 68
60 57 42
45 3 87
87 63 16
13 66 1
65 77 89
52 10 20
45 94 28
32 46 61
72 98 89
98 83 39
65 19 26
75 96 31
13 62 69
75 63 74
67 45 84
8 20 80
4 45 66
52 22 97
61 71 58
93 21 57
50 22 86
40 29 19
70 59 36
68 63 40
13 47 81
32 71 93
26 20 90
93 91 57
30 61 23
1 74 53
95 33 26
6 74 32
6 54 76
35 97 48
49 73 97
83 45 78
27 65 77
85 93 63
15 87 67
23 8 13
88 64 68
35 29 87
55 84 13
22 61 99
84 98 55
42 65 78
25 93 2
89 48 41
92 10 71
75 37 68
99 41 62
98 85 64
45 61 96
75 93 5
18 69 54
67 3 26
8 2 87
20 56 46
41 12 92
99 92 73
85 33 65
73 32 97
82 20 52
87 57 12
13 46 10
55 3 20
10 5 43
38 96 19
46 65 73
41 97 37
17 78 67
52 36 12
34 92 69
88 17 100
41 88 72
32 27 27
44 35 57
48 46 58
84 70 75
100 76 79
23 17 75
69 25 52
62 46 8
1 90 31
42 35 78
73 81 29
9 76 39
5 19 45
4 64 60
38 13 28
70 72 24
25 61 69
23 65 87
39 5 87
1 54 73
0 71 40
62 90 75
54 99 95
7 54 41
35 16 42
43 97 35
18 75 8
13 64 42
1 28 70
61 88 67
19 78 93
91 25 16
36 41 40
65 46 89
34 64 3
30 60 84
33 84 61
57 41 42
10 37 85
59 8 29
37 2 41
86 23 47
81 3 94
67 12 75
6 68 91
16 53 10
80 46 30
2 36 39
46 26 68
13 55 55
73 43 35
76 41 73
89 99 82
46 60 87
27 23 13
2 98 62
97 10 91
18 82 44
17 17 24
55 93 15
75 31 59
35 43 32
11 69 57
0 10 42
30 64 33
28 1 34
75 18 15
100 1 1
5 77 17
26 92 27
45 12 15
29 2 60
90 70 34
92 55 47
19 77 96
80 15 95
7 68 97
53 86 23
67 48 15
3 75 98
38 8 35
35 81 8
87 20 40
46 13 25
95 85 18
2 76 15
80 80 99
89 80 24
69 91 72
61 11 30
82 19 81
8 90 85
97 58 73
34 10 100
1 87 21
2 48 25
12 72 83
97 44 64
68 88 23
14 33 90
42 8 52
24 81 77
19 59 93
86 15 32
6 97 77
79 31 94
74 27 60
34 68 35
38 20 36
35 87 31
47 88 38
79 6 30
34 29 37
2 94 46
44 68 69
50 22 62
91 86 32
9 10 84
7 13 96
10 32 14
34 21 80
71 35 27
0 55 55
36 86 34
71 28 4
50 45 96
22 45 39
82 2 69
82 94 57
2 20 12
34 29 29
0 20 21
84 38 75
28 58 46
98 4 46
95 24 55
39 81 80
49 34 10
39 43 22
29 42 62
8 34 45
46 69 58
95 52 21
57 64 92
45 58 69
96 74 56
74 86 76
99 97 98
18 95 60
27 81 7
58 91 89
91 63 31
29 81 85
33 44 96
67 43 20
90 37 82
19 53 6
100 64 45
93 26 48
57 10 21
41 31 52
79 6 20
66 96 69
66 98 21
38 55 3
6 90 18
33 29 79
100 9 27
23 89 93
64 20 30
100 31 11
7 95 21
41 62 75
52 71 98
94 53 82
89 42 1
70 88 73
94 20 21
56 82 23
20 14 88
56 61 7
59 96 91
35 62 33
60 100 78
13 17 1
77 83 32
19 25 7
2 100 54
34 15 71
15 72 4
50 78 61
17 24 45
30 86 56
64 81 11
26 57 61
44 33 42
47 25 9
67 56 15
82 93 96
25 54 15
47 1 94
58 20 22
61 87 41
14 98 61
100 60 84
54 70 59
55 58 79
78 12 26
44 5 97
16 97 9
90 67 82
82 42 37
33 61 4
34 16 89
4 78 15
29 71 99
85 9 98
84 18 41
47 92 81
79 37 2
67 5 11
51 16 83
42 67 86
35 99 22
1 22 6
62 86 17
24 24 77
69 44 38
69 3 81
31 43 35
63 90 6
75 30 25
28 14 70
6 53 79
38 13 25
64 15 25
22 15 99
74 73 98
96 46 59
57 27 68
39 72 57
52 60 75
6 37 12
9 67 78
6 23 99
64 85 30
96 23 79
53 97 9
77 89 75
41 87 80
99 99 99
99 10 38
30 25 5
37 33 85
53 5 47
29 21 13
75 9 23
42 58 87
67 19 16
33 36 11
52 56 84
38 4 40
83 12 56
17 46 54
78 53 78
56 57 34
50 20 90
49 22 17
58 27 76
7 55 85
83 89 31
72 84 72
97 40 88
5 21 40
3 82 67
82 89 7
7 25 48
44 71 96
34 54 33
17 8 18
19 32 69
22 20 89
26 4 85
0 57 27
8 87 8
89 86 90
61 29 41
100 47 93
60 38 13
24 60 67
63 5 13
78 56 13
35 71 80
54 84 33
97 76 47
22 14 70
33 69 55
24 84 57
77 41 62
22 54 16
76 85 40
0 54 4
44 26 6
32 14 83
67 89 59
77 23 24
11 45 87
83 62 4
27 69 53
13 35 36
13 99 9
15 74 4
71 28 11
66 69 9
25 60 20
11 45 47
53 92 12
13 64 55
31 80 31
47 53 21
100 68 14
81 13 32
5 5 86
34 99 40
61 34 14
37 33 18
87 70 20
68 47 78
40 9 35
66 92 12
89 11 13
73 81 87
91 35 47
55 83 24
87 47 83
10 55 27
94 6 97
99 60 89
54 7 5
84 90 1
6 12 13
3 98 22
90 47 68
31 10 68
100 84 31
73 7 6
38 91 22
51 37 95
97 70 4
59 98 12
55 71 19
61 9 64
53 48 96
16 81 32
82 79 96
12 24 3
0 2 42
80 33 25
57 59 38
29 75 87
28 88 81
45 39 5
67 1 56
55 48 15
63 39 40
57 26 71
56 30 6
45 39 23
79 7 62
47 39 84
95 44 79
78 12 41
75 79 54
39 68 89
59 43 87
100 97 2
56 92 59
5 47 9
48 86 21
38 18 100
81 16 88
34 85 73
30 9 85
90 58 66
24 64 84
73 79 96
96 46 9
87 22 56
58 85 42
84 1 80
19 15 33
43 48 99
85 84 21
31 11 98
91 2 82
51 7 31
80 78 67
66 16 67
90 48 65
11 30 40
12 83 57
58 16 65
12 8 16
32 98 7
13 21 19
100 27 67
11 99 88
32 47 87
33 39 73
82 55 91
87 21 91
79 12 10
14 84 31
31 8 81
95 59 36
11 60 98
60 2 68
71 52 15
100 63 3
15 12 1
70 57 74
78 13 34
66 25 14
5 77 3
49 78 52
69 62 92
57 48 78
2 1 3
37 26 33
38 10 22
77 46 98
17 32 44
86 14 22
74 24 4
80 60 28
61 38 36
95 85 81
88 56 9
38 36 53
88 58 41
85 70 9
60 68 69
36 69 53
92 100 81
43 54 4
7 52 33
28 53 36
35 73 75
85 7 21
46 13 67
33 24 78
79 94 60
2 96 76
6 33 77
90 16 86
4 62 87
98 31 67
84 48 1
9 78 90
21 52 78
34 78 66
63 73 6
14 89 2
17 52 13
35 64 17
85 85 71
86 22 44
99 70 86
21 88 44
51 66 33
83 41 63
14 58 26
39 68 98
69 18 21
12 9 17
2 9 3
66 22 24
75 55 81
45 58 33
70 25 2
44 62 13
40 5 31
72 9 77
95 29 87
78 21 43
53 66 72
76 84 67
46 4 73
59 72 79
45 24 72
0 30 70
95 22 15
50 66 61
59 22 76
6 90 7
81 14 29
59 83 100
4 92 13
72 96 80
3 53 40
65 89 98
95 61 13
66 15 25
28 100 1
16 93 89
55 94 1
100 55 38
87 93 35
51 61 95
23 34 79
23 74 80
43 41 16
23 7 3
19 87 86
77 75 53
49 42 78
88 5 55
16 11 38
23 7 39
88 40 84
20 60 5
56 65 95
16 35 59
100 6 31
56 1 93
47 66 45
12 88 91
91 61 19
72 40 83
76 9 32
89 80 48
2 93 86
41 20 71
39 39 55
87 5 14
38 42 11
54 36 40
79 29 41
81 79 13
45 24 7
82 35 76
37 56 98
33 20 79
0 27 62
100 39 9
43 81 99
61 65 100
30 64 56
50 58 100
93 37 34
91 74 34
20 39 43
39 42 75
83 81 21
100 66 7
43 58 83
91 54 60
43 24 79
23 68 11
84 63 8
23 60 91
4 79 33
67 53 15
74 35 91
84 79 48
10 28 72
4 87 25
3 22 39
55 82 21
36 93 63
31 3 8
98 87 25
8 47 90
94 24 53
23 5 33
42 91 58
1 23 28
5 20 37
13 82 4
22 34 52
94 7 87
50 82 26
74 35 78
27 39 58
82 24 95
84 5 4
55 32 37
91 10 57
80 66 44
38 2 57
32 38 20
58 58 81
56 91 37
65 77 76
100 89 76
51 46 69
30 29 57
80 2 41
30 15 68
14 59 83
6 10 20
74 86 67
20 28 98
39 5 38
28 95 81
92 38 94
100 66 13
73 91 41
57 87 8
7 29 86
89 74 71
99 77 4
23 3 100
67 95 83
40 87 59
53 3 4
84 63 23
10 86 69
70 35 42
34 44 91
23 76 96
34 66 96
73 66 59
38 100 15
7 38 80
12 55 55
72 73 82
62 18 5
42 93 80
46 60 37
46 25 23
88 55 34
61 55 7
22 2 57
53 76 77
52 79 95
20 11 46
4 42 74
98 29 77
100 54 94
53 85 73
83 77 15
23 100 5
94 73 33
12 33 57
83 88 33
35 45 55
14 72 37
65 48 46
89 41 20
46 100 56
38 31 43
96 97 9
51 34 61
5 34 58
33 55 85
100 91 18
68 23 60
80 32 67
84 93 54
36 67 58
92 67 54
94 11 37
92 31 9
13 9 61
19 13 36
97 48 53
90 22 23
14 12 58
59 31 96
57 28 81
87 37 39
87 63 13
99 92 60
4 1 83
42 33 100
64 96 55
59 82 94
77 46 25
55 12 25
79 4 33
33 12 86
74 32 16
18 89 10
3 40 45
66 75 25
37 43 86
23 70 19
96 31 25
55 4 97
93 68 55
54 13 86
23 21 97
23 24 41
77 88 1
21 84 62
42 25 39
66 68 37
49 97 30
17 79 13
90 93 62
48 38 28
31 90 6
68 6 13
93 94 28
98 80 87
45 62 57
13 98 74
79 26 26
24 57 9
76 27 10
29 37 5
53 61 85
57 98 14
68 45 5
21 57 20
74 76 22
78 23 25
69 74 98
26 26 94
23 79 47
67 67 62
